20230926 446
20230926 447
20230926 448
20230926 449
20230926 450
20230926 451
20230926 452
20230926 453
20230926 454
20230926 455
20230926 456
20230926 457
20230926 458
20230926 459
20230926 460
20230926 461
20230926 462
20230926 463
20230926 464
20230926 465
20230926 466
20230926 467
20230926 468
20230926 469
20230926 470
20230926 471
20230926 472
20230926 473
20230926 474
20230926 475
20230926 476
20230926 477
20230926 478
20230926 479
20230926 480
20230926 481
20230926 485
20230926 486
20230926 487
20230926 488
20230926 489
20230926 490
20230926 491
20230926 492
20230926 493
20230926 494
20230926 495
20230926 496
20230926 497
20230926 498
20230926 499
20230926 500
20230926 501
20230926 502
20230926 503
20230926 504
20230926 505
20230926 506
20230926 507
20230926 508
20230926 509
20230926 510
20230926 511
20230926 512
20230926 513
20230926 514
20230926 515
20230926 516
20230926 546
20230926 547
