20230927 216
20230927 217
20230927 218
20230927 219
20230927 220
20230927 221
20230927 222
20230927 223
20230927 224
20230927 225
20230927 226
20230927 227
20230927 228
20230927 229
20230927 230
20230927 231
20230927 232
20230927 233
20230927 234
20230927 235
20230927 236
20230927 237
20230927 238
20230927 239
20230927 240
20230927 241
20230927 242
20230927 243
20230927 244
20230927 245
20230927 246
20230927 282
20230927 283
20230927 290
20230927 291
20230927 298
20230927 299
20230927 309
20230927 310
20230927 318
20230927 319
20230927 326
20230927 327
20230927 334
20230927 335
20230927 342
20230927 343
20230927 350
20230927 351
20230927 358
20230927 359
20230927 382
20230927 383
20230927 390
20230927 391
20230927 398
20230927 399
20230927 406
20230927 407
20230927 414
20230927 415
20230927 422
20230927 423
20230927 430
20230927 431
20230927 438
20230927 439
20230927 446
20230927 447
20230927 454
20230927 455
20230927 462
20230927 463
20230927 470
20230927 471
20230927 478
20230927 479
20230927 504
20230927 505
